7.613602523695728910e-20
1.948738052378532707e-19
4.987888433851016624e-19
1.276673947952042441e-18
3.267708151445262647e-18
8.363855611020054458e-18
2.140768925494525497e-17
5.479400656229236796e-17
1.402478856729000258e-16
3.589711844370728783e-16
9.188039494349008114e-16
2.351722740144237084e-15
6.019347054301436077e-15
1.540680724884479493e-14
3.943446148921296803e-14
1.009343939874897986e-13
2.583464184596157392e-13
6.612500387051739363e-13
1.692501162952813503e-12
4.332037835802435704e-12
1.108805844368390514e-11
2.838041695630216611e-11
7.264103726585011507e-11
1.859282160365460565e-10
4.758921791275714599e-10
1.218068838514929678e-09
3.117705565325921128e-09
7.979916803318800093e-09
2.042497947724973828e-08
5.227871379217516181e-08
1.338098732881653676e-07
3.424927832114114583e-07
8.766266918083496370e-07
2.243768028001024990e-06
5.743031795089652656e-06
1.469956510111908963e-05
3.762424131915592624e-05
9.630104871159149438e-05
2.464871491835425674e-04
6.308956706648664392e-04
1.614807703290387520e-03
4.133177702516114757e-03
1.057906640262315165e-02
2.707762743493451543e-02
6.930648505271909399e-02
1.773932698462934165e-01
4.540465753359581025e-01
1.162153968709988439e+00
2.974588776468669149e+00
7.613602523695729651e+00
